00002 1 2 3 4 5 4 6 4 7 8 9 10 11 12 13 14 15 16 
00002 17 18 19 20 21 22 23 24 25 1 26 5 
00002 27 18 28 20 21 29 30 31 32 33 34 1 26 6 
00002 35 36 30 14 30 37 24 38 39 40 41 20 21 42 43 44 45 19 14 46 33 34 1 26 7 
00002 47 16 48 49 16 50 49 51 14 52 53 54 55 20 56 57 58 26 59 
00002 60 61 62 63 64 65 66 67 68 69 70 71 72 73 74 75 76 77 78 79 80 81 82 83 
00002 84 85 86 87 88 89 90 91 92 88 93 94 95 96 97 98 99 100 82 101 102 103 104 105 106 107 108 88 109 110 111 112 113 114 115 
00002 1 97 116 117 118 119 120 88 121 122 123 124 125 126 127 128 129 119 130 15 107 88 131 132 1 88 133 134 82 135 136 137 138 
00002 95 139 140 141 115 34 142 143 144 102 103 145 146 147 148 123 149 125 126 127 150 5 143 6 151 107 
00002 152 139 140 82 152 153 154 155 82 156 34 157 123 158 125 159 160 161 162 163 66 164 165 
00002 117 166 115 34 167 149 168 127 169 170 171 172 101 173 122 174 126 175 176 177 178 179 180 181 182 183 184 185 
00002 186 88 169 2 187 188 189 190 191 192 107 193 194 88 195 196 197 1 198 95 152 199 84 95 200 15 201 28 202 203 95 139 1 204 205 5 7 31 107 
00002 141 123 149 125 127 206 126 207 208 202 203 152 139 1 204 209 165 107 141 170 123 158 210 211 206 212 1 88 125 170 213 214 215 216 88 217 218 125 219 220 221 170 222 214 215 223 216 223 224 225 
00002 85 226 227 110 228 148 115 229 230 88 231 
00003 232 233 234 235 236 237 238 101 101 239 240 235 241 242 243 243 71 101 244 245 246 247 248 249 250 15 251 
00003 252 94 253 254 255 147 256 257 258 259 260 178 179 261 262 263 264 265 107 266 267 
00003 268 269 270 88 194 235 271 272 273 274 275 276 277 278 117 269 279 280 281 270 241 282 283 101 284 285 286 287 288 289 221 288 290 291 292 293 264 294 246 108 280 241 295 296 297 298 299 300 296 301 302 303 117 304 14 305 281 
00003 306 281 307 308 309 275 3 277 310 307 241 311 312 179 313 314 281 315 239 310 316 241 282 317 318 319 320 299 321 322 323 324 241 
00003 254 325 326 327 328 197 329 252 330 331 99 332 333 325 334 335 252 97 335 336 
00003 337 338 339 340 341 342 343 88 344 345 346 347 348 349 350 351 118 352 353 354 118 355 71 356 315 357 358 252 
00003 252 2 148 359 360 361 362 363 364 365 88 315 122 366 
00003 367 170 368 369 370 371 299 372 373 299 374 368 375 376 377 378 126 175 88 379 370 380 371 86 381 382 315 383 384 385 386 387 388 389 390 391 392 393 394 88 395 390 241 396 397 398 368 399 400 118 88 401 402 
00003 14 403 404 405 406 87 407 408 409 361 34 403 388 410 390 411 412 413 414 390 415 416 417 281 418 419 404 405 420 292 421 422 423 299 424 425 426 427 428 299 368 429 370 430 400 431 432 433 434 435 299 436 371 44 437 438 439 440 299 437 441 442 443 444 299 445 446 299 415 418 447 448 449 342 450 451 196 452 453 19 454 455 456 14 381 403 
00003 258 260 457 458 459 460 461 462 463 107 464 465 466 467 468 469 470 471 472 14 473 239 241 474 403 
00003 475 476 477 478 479 480 481 482 239 483 484 485 486 487 488 242 404 405 406 489 490 455 14 381 403 
00003 170 118 368 255 491 492 299 493 145 167 2 375 494 495 299 369 370 496 497 
00003 498 115 34 317 235 179 457 499 500 501 502 503 504 505 506 507 263 107 464 
00003 349 508 299 368 509 510 511 317 170 299 512 513 514 515 299 516 
00004 517 96 518 30 2 519 520 521 522 523 524 525 526 527 305 528 529 530 531 532 533 11 534 535 75 536 537 538 539 540 196 541 
00004 255 11 542 88 543 544 545 99 92 239 17 18 19 546 284 260 459 547 548 95 549 11 86 550 551 92 14 82 552 14 553 554 26 543 
00004 90 92 254 84 555 281 227 299 95 556 557 452 558 559 560 561 562 258 563 349 564 177 459 565 244 183 184 34 114 566 88 89 90 194 357 567 568 569 336 570 357 99 1 571 572 573 299 574 573 100 90 92 204 575 576 88 577 578 579 
00004 90 92 97 357 1 100 580 576 88 132 573 91 581 582 91 583 584 117 585 204 586 587 132 588 589 590 591 107 
00004 117 566 34 592 593 594 179 595 178 596 597 180 594 598 599 183 184 600 601 602 231 368 206 400 110 228 148 299 603 604 258 605 606 607 107 608 
00004 90 92 609 368 167 88 610 611 612 613 566 34 101 614 615 616 617 618 619 620 107 464 
00004 292 90 101 621 622 623 624 625 626 452 627 628 629 630 631 71 258 617 632 633 634 635 
00004 368 92 636 400 95 637 638 639 640 641 156 642 643 644 367 498 177 645 130 88 646 647 115 648 44 649 650 651 652 653 654 655 299 108 656 162 657 658 659 330 660 598 661 662 133 663 664 665 666 156 
00004 592 593 594 179 595 178 596 597 180 594 598 599 183 184 600 601 602 107 667 668 132 573 91 581 582 91 583 584 669 204 586 587 132 588 589 590 591 670 368 206 400 110 228 148 299 603 604 258 605 606 607 107 608 
00005 671 70 672 673 674 675 676 168 677 678 679 680 681 682 683 
00005 684 96 460 685 686 687 14 688 689 690 690 691 117 692 264 693 694 695 387 696 117 264 
00005 697 281 34 96 698 699 101 700 292 701 702 
00005 697 703 387 704 317 235 705 706 707 708 709 710 711 281 712 71 713 714 264 693 715 716 717 82 718 2 108 719 720 721 722 14 345 298 723 724 241 
00005 697 370 281 725 317 235 726 727 728 239 729 730 731 239 221 729 
00005 732 69 698 699 733 734 735 736 731 737 196 243 738 739 740 241 
00005 741 742 237 387 743 744 671 368 745 241 746 732 239 741 387 747 748 237 732 749 241 
00005 750 751 752 685 101 753 14 322 457 614 686 547 467 754 755 330 756 757 96 368 704 400 490 758 614 759 760 71 761 
00005 762 763 14 87 88 764 28 765 766 767 281 227 518 28 768 769 
00005 84 770 771 427 281 523 299 772 773 299 774 775 776 777 454 778 779 258 780 781 460 685 299 653 459 101 780 782 97 90 454 221 783 784 
00005 785 330 786 787 788 299 156 789 790 791 792 793 258 794 795 796 264 797 798 799 262 800 107 464 88 28 801 519 802 803 
00005 804 805 806 807 808 227 809 810 14 560 432 400 370 216 811 812 813 814 451 196 815 816 817 784 4 818 819 820 821 822 823 824 156 239 561 825 826 827 828 827 829 827 801 830 831 832 833 732 834 831 835 833 152 836 837 833 838 839 831 835 833 840 34 201 841 842 370 400 173 806 807 
00005 357 803 88 325 186 88 2 90 454 560 843 562 14 87 88 671 809 844 332 845 846 96 2 847 848 2 849 237 850 851 281 76 
00005 852 853 170 736 854 855 238 801 856 857 858 859 860 861 170 862 317 863 864 865 866 867 868 869 870 871 872 873 299 874 44 875 876 877 28 345 878 879 880 881 798 722 882 883 299 884 800 213 281 885 886 8 9 849 14 237 241 887 888 889 14 890 891 892 71 893 894 241 
00005 803 895 113 896 88 116 897 898 899 784 900 4 901 24 902 281 227 117 903 241 904 241 905 803 906 907 895 575 810 173 908 909 910 911 912 107 388 804 170 201 913 227 128 74 755 914 235 732 915 629 28 152 490 107 645 579 
00005 454 196 815 916 917 673 480 918 560 905 803 186 115 2 919 629 920 298 921 779 922 923 924 
00005 925 156 922 926 927 796 502 706 188 928 929 930 931 71 932 933 934 814 460 922 774 935 936 152 937 71 938 939 940 941 942 943 943 459 944 945 946 947 948 949 950 71 951 952 953 29 954 71 955 14 285 956 957 958 959 960 939 264 693 961 800 962 963 370 934 964 965 597 966 299 892 370 967 968 
00005 28 305 969 432 970 971 972 505 973 974 975 976 977 281 821 926 978 795 892 979 980 981 774 982 983 798 258 984 985 107 267 117 186 88 104 105 34 986 987 988 767 702 989 183 990 991 992 716 
00005 387 221 2 28 993 810 299 993 994 995 996 997 
00006 998 999 1000 281 1001 964 1000 281 1002 1003 96 918 1004 1005 680 1006 1007 
00006 1008 4 1009 1010 1011 1012 1013 1014 9 570 39 24 949 1015 631 305 964 557 241 39 1016 96 9 1017 1018 1019 1020 239 710 241 1021 39 1022 239 1023 710 1024 148 1025 34 1026 14 1027 35 1028 1029 1030 1031 432 14 345 1032 1033 1034 1035 1036 14 1037 1038 512 1039 1040 239 2 1041 1042 
00006 1043 1044 1045 1046 1047 838 1048 758 241 248 1049 241 1050 1037 1051 241 1052 15 1053 241 1054 15 1055 241 47 1048 838 645 758 241 1013 1014 512 1056 241 1057 613 14 34 39 1058 1059 34 1060 14 34 1061 1062 1048 838 1063 758 241 
00006 39 949 1064 1065 1066 1067 1068 1069 1070 1071 9 1072 1073 1074 1075 270 239 34 170 
00006 1076 148 1073 71 345 1077 1074 1078 1079 664 216 278 227 108 876 877 1080 1081 1082 1083 173 71 512 1013 1014 1083 810 71 1084 1011 1083 432 71 1085 1086 1087 1083 370 71 106 1088 
00006 1089 1090 1091 281 1092 1093 281 368 432 1094 281 368 370 1095 281 1096 1051 754 1097 14 1098 1099 655 1042 
00006 1100 1101 876 1102 1103 1104 1105 1106 1107 1108 1109 1110 459 299 1111 1112 183 1113 14 1114 1115 1116 1117 1118 1119 71 1120 1121 1122 1123 1124 1119 35 1125 241 
00006 1126 14 1127 281 1128 918 645 2 1129 1130 14 1127 2 1131 14 1127 2 1132 14 1127 2 981 108 14 1127 2 1133 305 964 1134 14 1127 2 1135 1136 108 14 1127 2 1137 1138 1139 1140 1141 1142 2 1143 1144 1145 2 374 1146 331 1147 14 1127 2 374 1148 1149 14 1127 2 1150 14 1127 
00006 419 1151 828 790 1152 1051 345 1153 1074 299 984 88 1154 843 791 345 1155 631 451 1156 792 793 1157 1074 88 1158 1075 1159 791 14 258 513 231 
00006 1160 1161 1074 241 1162 984 281 1163 1164 1165 1166 117 86 1167 1168 1151 1154 1169 1170 1171 1172 1173 1174 241 
00006 1175 4 1176 71 1074 1177 1151 15 1178 1171 1179 432 1180 1181 1037 1074 281 1053 1182 1074 281 1183 71 1181 1184 1185 1186 1187 9 797 8 24 984 1188 1189 1190 115 1191 1192 1193 71 1194 
00006 1195 513 1196 1197 1123 96 1198 1199 1200 512 1201 1202 1203 1204 892 1052 1205 107 115 
00006 39 1206 1193 1133 374 1207 1074 88 1208 1209 1210 39 227 1211 631 1212 1213 1214 1215 14 1216 
00006 1217 39 2 1218 1067 573 1219 1220 1196 101 459 179 1221 619 1222 968 963 1223 180 207 594 1224 1225 251 1226 1227 1228 
00006 1229 39 14 1230 1231 299 344 513 418 88 1232 573 459 101 458 457 614 1199 1233 617 1234 299 1037 629 986 987 14 1052 1235 1236 1237 
00007 1238 1239 281 1240 993 1241 71 370 949 798 1242 984 993 1243 71 370 684 798 1242 981 993 1244 71 370 1245 798 1242 1246 155 15 276 1247 1248 1249 
00007 1250 457 259 1251 1252 1253 242 1254 1255 1114 1256 8 946 1257 241 
00007 1258 278 946 455 916 87 88 186 90 92 1259 451 196 118 1260 1261 1262 34 170 653 113 82 457 614 616 1263 1264 617 101 459 107 34 114 267 1265 
00007 946 1266 270 90 1267 653 99 1268 275 400 94 1269 573 1270 1271 1272 1273 14 1274 947 1275 407 34 1258 1276 573 1277 
00007 1278 684 329 1279 1258 1258 1280 1281 329 1282 241 1276 329 
00007 84 946 270 90 92 1283 1284 1285 1286 275 1287 1288 1289 9 2 1258 464 684 1258 1290 101 1251 782 1291 1292 1293 1294 1255 865 1295 
00007 949 1258 1290 101 1296 1297 782 1298 1299 780 264 328 183 1300 1256 865 1301 302 
00007 1245 1258 1290 260 1251 782 1302 1292 1303 1304 1142 1255 1114 865 1305 1306 
00007 29 1258 1290 782 714 462 1307 1308 183 1114 1309 865 1310 1311 302 
00007 22 1258 1290 723 1312 619 178 782 983 1313 1314 1315 461 687 1114 865 1295 
00007 1316 1317 1258 1290 1251 1318 782 1319 1320 819 1321 1322 1323 1324 14 1325 1326 302 
00007 1258 141 177 583 1327 1328 299 1329 583 88 1330 204 1331 1332 1333 1085 1334 1335 1336 1337 
00007 1259 451 196 118 1338 231 1339 1340 15 101 1341 1342 101 457 614 1263 1343 1344 1345 1346 584 418 196 258 1347 1348 
00007 619 1308 1341 617 1349 1350 206 141 1351 1352 1353 
00007 1258 141 1354 177 583 1327 1328 299 1329 583 88 1330 204 1331 1332 1333 1085 1334 1335 1336 1337 1259 451 196 118 
00007 1338 231 1339 1340 15 101 1341 1342 101 457 614 1263 1343 1344 1345 1346 584 418 196 258 1347 1348 
00007 619 1308 1341 617 1349 1350 206 141 1351 1352 1353 1355 1356 1357 1358 196 508 299 1359 
00008 1360 1361 84 575 1362 1363 907 1364 99 1365 9 755 903 14 809 387 99 382 625 1366 1367 1368 88 625 398 1369 1370 
00008 1371 344 1372 1373 344 343 1231 344 1374 1375 344 1376 1377 1378 508 344 88 1379 1380 1376 1381 1382 1383 1384 1385 1386 1387 1388 88 390 1389 1390 281 1391 14 488 1392 398 1362 1393 1148 1170 1394 
00008 758 1395 1388 88 390 368 1396 1397 1398 1399 348 18 1381 88 168 15 1400 1401 88 692 71 1389 1402 1381 88 168 1403 572 625 907 1354 1404 91 92 
00008 398 1405 84 946 1373 907 118 795 1373 84 257 1406 1407 1408 1231 84 454 1375 1407 617 1375 473 1371 71 1354 1409 1 
00008 572 1410 1411 368 572 344 508 1412 370 84 1413 14 167 88 203 1414 96 374 572 344 1415 14 1157 579 675 203 574 1416 
00008 400 14 407 553 26 99 1417 553 1418 1419 779 23 1420 1 1421 1420 543 1422 553 1423 1424 528 241 
00008 82 1425 281 692 1426 170 95 553 9 278 1427 1428 1429 1430 241 
00008 473 1431 1432 167 88 1433 99 1434 1435 1432 167 1418 1436 368 916 813 512 511 1170 575 1371 167 88 907 1437 34 1 1170 575 1373 167 88 907 1437 34 543 
00008 543 88 174 1438 1424 1 398 1439 88 692 368 1426 1440 95 96 1441 388 1375 473 1418 1442 922 1443 1444 574 281 227 270 88 579 
00008 1445 1446 575 1362 907 1354 1409 101 174 1447 1448 241 1393 1449 1450 1451 1452 176 84 1362 14 1453 907 483 1449 
00008 1454 18 1455 34 96 108 108 1065 1101 15 729 419 1456 19 14 553 238 729 
00008 419 1456 1457 1458 684 1000 281 407 305 22 1459 71 457 1181 1052 1121 14 1127 
00008 1460 949 1000 281 407 305 29 1459 71 1461 1462 108 1463 1464 
00008 1465 1245 1000 281 407 305 42 1459 71 1466 1467 1468 1469 1470 1471 1472 1473 729 
00008 1450 1474 88 561 1475 176 84 575 1362 292 1476 1353 684 1477 227 907 22 1478 1479 167 14 258 457 1181 1052 178 1480 179 107 464 
00008 1481 1482 1483 907 29 1478 1479 167 14 258 796 260 1463 1464 107 464 1484 1485 1483 907 42 1478 1479 167 14 258 1466 1486 1487 262 1316 1488 1489 1179 1490 669 1491 1492 692 107 464 
00008 684 96 299 1493 101 299 1435 101 238 459 1494 1495 183 561 1496 1497 551 99 
00008 1498 99 1280 170 801 1232 707 281 1499 1232 1500 71 1501 1042 1502 1503 14 15 1504 239 15 368 1505 1506 281 1507 1508 1237 24 1509 281 
00008 99 101 1510 1511 1512 457 1513 189 242 1514 561 1515 1516 1517 1518 1316 711 281 71 1085 400 1519 1520 1521 1522 1523 1524 1525 
00008 457 1526 1527 1528 1516 1527 1529 1530 1531 1531 1532 1533 317 281 71 1534 
00008 1518 1527 1119 1488 15 1535 694 1536 317 281 71 1510 147 715 1537 244 183 1538 15 694 1539 1540 190 264 693 241 
00008 1541 1542 707 281 99 1543 108 707 281 252 183 561 1544 1545 235 370 281 622 239 729 183 561 1515 108 731 239 729 
00008 183 30 292 1546 213 281 1547 239 117 1353 729 1548 183 1549 1550 1458 729 1042 1551 1552 1553 108 183 1554 1521 1522 1097 1360 1361 84 575 1362 1363 907 1364 99 1365 9 755 903 14 809 387 99 382 625 1366 1367 1368 88 625 398 1369 1370 
00008 1371 344 1372 1373 344 343 1231 344 1374 1375 344 1376 1377 1378 508 344 88 1379 1380 1376 1381 1382 1383 1384 1385 1386 1387 1388 88 390 1389 1390 281 1391 14 488 1392 398 1362 1393 1148 1170 1394 
00008 758 1395 1388 88 390 368 1396 1397 1398 1399 348 18 1381 88 168 15 1400 1401 88 692 71 1389 1402 1381 88 168 1403 572 625 907 1354 1404 91 92 
00008 398 1405 84 946 1373 907 118 795 1373 84 257 1406 1407 1408 1231 84 454 1375 1407 617 1375 473 1371 71 1354 1409 1 
00008 572 1410 1411 368 572 344 508 1412 370 84 1413 14 167 88 203 1414 96 374 572 344 1415 14 1157 579 675 203 574 1416 
00008 400 14 407 553 26 99 1417 553 1418 1419 779 23 1420 1 1421 1420 543 1422 553 1423 1424 528 241 
00008 82 1425 281 692 1426 170 95 553 9 278 1427 1428 1429 1430 241 
00008 473 1431 1432 167 88 1433 99 1434 1435 1432 167 1418 1436 368 916 813 512 511 1170 575 1371 167 88 907 1437 34 1 1170 575 1373 167 88 907 1437 34 543 
00008 543 88 174 1438 1424 1 398 1439 88 692 368 1426 1440 95 96 1441 388 1375 473 1418 1442 922 1443 1444 574 281 227 270 88 579 
00008 1445 1446 575 1362 907 1354 1409 101 174 1447 1448 241 1393 1449 1450 1451 1452 176 84 1362 14 1453 907 483 1449 
00008 1454 18 1455 34 96 108 108 1065 1101 15 729 419 1456 19 14 553 238 729 
00008 419 1456 1457 1458 684 1000 281 407 305 22 1459 71 457 1181 1052 1121 14 1127 
00008 1460 949 1000 281 407 305 29 1459 71 1461 1462 108 1463 1464 
00008 1465 1245 1000 281 407 305 42 1459 71 1466 1467 1468 1469 1470 1471 1472 1473 729 
00008 1450 1474 88 561 1475 176 84 575 1362 292 1476 1353 684 1477 227 907 22 1478 1479 167 14 258 457 1181 1052 178 1480 179 107 464 
00008 1481 1482 1483 907 29 1478 1479 167 14 258 796 260 1463 1464 107 464 1484 1485 1483 907 42 1478 1479 167 14 258 1466 1486 1487 262 1316 1488 1489 1179 1490 669 1491 1492 692 107 464 
00008 684 96 299 1493 101 299 1435 101 238 459 1494 1495 183 561 1496 1497 551 99 
00008 1498 99 1280 170 801 1232 707 281 1499 1232 1500 71 1501 1042 1502 1503 14 15 1504 239 15 368 1505 1506 281 1507 1508 1237 24 1509 281 
00008 99 101 1510 1511 1512 457 1513 189 242 1514 561 1515 1516 1517 1518 1316 711 281 71 1085 400 1519 1520 1521 1522 1523 1524 1525 
00008 457 1526 1527 1528 1516 1527 1529 1530 1531 1531 1532 1533 317 281 71 1534 
00008 1518 1527 1119 1488 15 1535 694 1536 317 281 71 1510 147 715 1537 244 183 1538 15 694 1539 1540 190 264 693 241 
00008 1541 1542 707 281 99 1543 108 707 281 252 183 561 1544 1545 235 370 281 622 239 729 183 561 1515 108 731 239 729 
00008 183 30 292 1546 213 281 1547 239 117 1353 729 1548 183 1549 1550 1458 729 1042 1551 1552 1553 108 183 1554 1521 1522 1097 
00009 684 1016 96 1255 1291 1555 14 459 
00009 684 96 101 621 1251 183 1556 551 329 
00009 684 96 299 1493 101 299 1435 101 238 459 1494 1495 183 561 1496 1497 26 99 
00009 99 1458 684 1000 281 1557 34 1558 1559 188 1560 724 1561 1562 246 210 241 
00009 99 1563 949 1245 185 1564 239 246 1558 241 
00009 684 96 101 1142 15 459 239 34 1 419 243 1493 1565 1566 239 26 205 205 34 96 183 561 1567 782 235 780 1568 
00009 1569 1570 1571 1572 328 235 419 447 1573 264 693 1574 682 1575 419 447 1576 1577 1578 1579 1580 418 1581 1582 1583 701 281 
00009 1584 1585 1586 829 1587 
00009 1588 101 459 239 10 1317 241 1589 459 239 10 148 241 10 1590 1591 761 10 1592 1473 761 82 1593 1594 1595 1596 241 
00009 684 96 457 30 1591 494 1597 239 1598 1599 752 758 241 1600 1586 1601 1602 949 1603 15 1604 761 
00009 684 1605 1606 801 1607 30 1435 432 
00009 1608 1609 1610 1611 108 368 512 1612 1613 241 
00009 1608 1565 38 1614 1611 1612 512 108 368 1613 241 
00009 1615 242 1616 241 1617 1255 1618 453 221 34 828 1619 1620 1621 149 1622 1623 1624 1625 744 1626 1627 1628 1353 1629 317 1630 317 1631 1632 248 1633 1634 949 1635 71 244 1464 
00009 684 1636 305 1637 84 1638 1639 1640 18 1641 558 843 562 14 118 88 579 1642 684 99 684 329 684 1 1643 
00009 684 96 281 1644 1645 1646 329 99 1647 241 684 1648 24 1289 281 1649 1209 512 1650 558 398 34 1651 1652 
00009 1498 1232 1653 1654 1275 937 1655 892 2 457 1656 1657 983 1322 1658 101 459 8 9 684 1659 464 1660 14 183 1661 8 558 1662 1663 241 438 1664 82 1665 1666 558 637 801 1275 1667 71 1668 1669 1042 1670 1671 317 754 237 1672 1673 1674 241 438 1295 1675 1676 1666 558 14 227 1677 1042 
00009 1678 227 558 559 1639 1679 258 101 459 1291 1555 1255 107 231 34 684 96 
00009 407 684 1016 96 1255 1291 1555 14 459 1680 1681 1638 1682 916 1414 305 281 1679 1683 1684 1685 398 1255 
00009 684 1686 18 1687 1688 704 1689 1638 455 684 1478 1690 1555 1232 637 455 937 1691 447 1692 345 1693 1694 459 
00010 34 66 1695 227 801 1696 1697 88 1698 644 88 99 267 195 1699 1700 
00010 1701 1702 1703 1704 4 1705 1706 15 459 1707 108 241 
00010 99 419 188 419 370 44 622 15 694 1708 432 30 1709 1353 1710 542 1711 15 459 1712 292 1713 1714 1715 1716 1492 692 1717 1718 1719 14 596 726 1574 1720 1097 1721 729 1722 387 101 1464 239 467 1723 1724 419 1725 1726 71 1727 1728 
00010 1498 258 260 317 1706 15 459 1707 1729 1730 907 1364 1701 1701 1731 1732 185 1733 1482 1734 227 368 1133 400 88 155 949 1732 185 227 368 964 88 155 
00010 1609 15 459 1707 108 1735 1736 595 1737 244 1738 261 1739 565 986 1740 183 1741 
00010 1353 1742 1711 1521 1743 1744 235 1745 1746 685 1747 467 597 966 1748 1749 192 1464 1750 1179 1751 1752 1753 513 299 858 1754 669 986 1755 1756 183 1757 299 1758 
00010 949 88 108 1245 88 108 645 1759 88 108 645 1364 1098 1098 907 1635 1760 1761 1762 15 1763 907 1764 575 1098 1764 694 345 1765 1766 1732 35 1748 1767 1768 34 1769 398 907 1770 575 1771 14 1772 1773 88 1774 1775 1776 1777 1778 883 39 966 1779 907 1770 575 1780 88 1781 
00010 99 183 1782 1521 1783 34 1784 368 29 29 239 1785 1786 419 727 728 345 1786 30 1787 694 1788 34 1701 241 
00010 1789 1779 1790 1791 621 1792 221 34 1793 1793 1794 1031 1119 1795 1074 694 1796 241 
00010 1701 1797 1798 329 345 1798 1799 1701 1800 1801 15 459 1802 1803 14 703 1804 1253 419 15 1805 1806 241 
00010 1701 345 1803 1807 1808 713 1809 239 1810 828 1811 241 82 1812 828 1813 1814 713 241 1701 1815 1816 1817 1818 1819 1820 238 264 328 1821 1822 370 281 1296 1823 
00010 1701 706 1606 801 1824 99 1825 1065 1826 464 242 1616 241 1701 1827 1828 242 1616 281 1829 101 1830 264 693 241 1701 1831 1832 1833 242 1616 281 1616 281 1834 731 239 729 1835 239 761 
00010 949 464 387 1836 566 34 244 1151 1837 1838 1839 328 1840 107 179 1841 180 702 597 1842 1843 1844 1845 1846 498 1847 108 183 1741 107 1848 1849 1354 258 667 1850 241 949 464 88 1851 
00010 949 1852 1098 637 305 1853 1854 1855 14 805 1338 783 281 2 1856 281 1857 1858 949 1859 1098 305 1860 1861 1770 39 1862 14 227 971 1863 
00011 1245 1016 96 1304 1308 1864 241 
00011 1245 329 1865 1221 719 1866 1867 242 188 370 188 1868 14 1869 
00011 99 1870 457 101 239 97 1245 242 243 317 71 1871 1872 244 1873 1133 15 241 281 71 761 
00011 1874 1304 1308 1864 1875 819 1876 1877 1878 330 178 1879 183 1114 154 464 88 155 570 1880 1881 15 368 1882 74 1883 1119 88 1884 185 113 1885 201 684 1886 299 949 1887 
00011 1485 204 1888 1245 216 1889 1890 1891 1108 398 1245 96 305 216 1892 88 1893 1774 1894 
00011 1895 1896 917 1897 1209 1898 1899 1166 14 1900 1901 128 810 1902 1903 216 1904 916 281 1905 34 1051 1906 1903 1907 281 1908 758 1245 34 1909 258 1903 1910 1911 977 1898 791 1912 1051 1906 355 107 1913 74 388 560 1914 1915 1916 1245 70 74 498 196 1917 156 
00011 1304 178 503 1463 1918 1919 2 108 1308 1920 1921 1922 1923 949 179 1924 1925 88 1926 
00011 1864 1927 1911 1875 819 1639 1928 18 917 511 1876 1929 1245 1108 1930 1931 1932 1245 954 398 1876 1877 
00011 193 1363 1933 88 231 1934 1935 623 1936 1937 387 1938 1939 949 1887 241 1940 1941 1696 398 1942 1363 1884 88 1852 
00011 1943 221 2 1944 1732 1945 1466 1221 1946 1253 1876 1877 107 34 1944 1304 178 1879 1875 819 1878 330 107 34 1732 185 1944 305 1732 1947 201 258 
00011 1948 1265 483 1949 110 710 1245 1950 1209 1898 88 1443 1951 1952 907 1953 1898 693 
00011 1954 1265 1955 629 1956 1957 216 1958 977 88 1908 475 216 1959 398 1951 1245 1483 216 1959 693 1960 1961 1443 1953 1962 629 1956 1957 
00011 1245 1963 1964 1965 1966 601 432 1967 1968 1969 498 115 34 1304 1308 1864 635 398 1970 231 447 1971 1245 96 88 1972 1245 1635 1973 1974 1108 281 1328 907 1354 258 1975 1877 299 927 1832 
00012 29 1016 96 1296 14 188 1803 1976 754 1977 1101 1978 1979 711 1980 1981 966 1982 
00012 29 329 262 1658 1983 1984 14 1985 34 706 761 
00012 1307 15 1986 97 29 1987 2 1988 241 1989 281 1990 400 1991 
00012 99 183 1782 1521 1783 1992 29 29 1993 702 419 264 1307 239 345 1786 30 1787 1994 1995 1996 
00012 1997 1998 1999 2000 758 241 
00012 278 2001 828 299 810 2 490 2002 1638 2003 2004 2005 490 793 2006 2007 2008 251 2009 2010 2003 2004 2005 490 793 299 227 2011 2012 1748 
00012 398 29 96 88 195 82 2013 88 828 19 2014 1265 1290 1296 14 188 2015 1803 1976 462 
00012 29 96 88 267 2016 1119 1945 29 2017 2018 2019 29 2020 74 2002 1638 167 2021 2022 101 1251 940 2023 34 114 267 1265 
00012 29 2024 388 2020 2025 480 2026 130 88 645 74 2 1119 2027 305 1119 1859 769 1119 2027 82 1307 2028 34 1265 1119 1859 2029 2030 1253 2031 2032 1265 
00012 2033 400 2034 490 2035 156 843 352 258 82 503 2015 1296 685 2036 2037 1752 2038 183 2039 34 114 2040 88 194 203 29 96 
00012 407 29 2041 278 2042 1075 790 2043 490 793 821 791 270 88 82 1296 2044 503 2015 1803 1976 107 2045 114 566 88 579 
00012 1296 14 188 1803 1976 2015 2046 1978 1979 
00012 2047 1880 368 984 374 2042 2048 490 2035 156 821 791 270 188 1726 796 2049 113 114 115 
00012 2050 263 2051 2052 1296 2044 2053 2054 2055 107 2056 115 
00012 156 2056 2057 490 455 490 2058 74 196 2048 2042 2059 2060 2061 490 2035 977 15 2062 821 2063 2064 1168 1752 2065 989 2066 2067 2028 107 490 805 2068 
00013 22 1016 96 183 2069 387 706 2070 241 
00013 22 96 706 188 15 188 178 387 706 2070 1708 1307 14 1986 97 22 241 828 758 2071 2072 419 264 2073 22 2074 2019 
00013 264 2075 2076 2034 345 2077 2078 2065 241 
00013 1608 183 561 2079 2080 237 2081 241 1873 22 2082 619 2083 188 1726 
00013 22 2084 14 2015 1871 2085 447 2086 758 241 264 2087 82 2088 22 317 241 
00013 22 2089 2090 2091 368 1119 242 243 
00013 22 2089 2092 242 243 2081 758 241 2093 828 2094 2095 239 2096 242 370 281 
00013 22 2089 2097 30 1787 2098 183 2099 1521 46 2100 2101 239 2102 241 2103 2015 238 1597 
00013 22 96 2015 2104 2105 459 14 2106 1299 1521 1522 2107 
00013 22 96 459 14 2106 2108 706 744 2109 239 2107 
00013 22 329 2110 2111 34 706 761 
00013 388 2112 985 426 2113 117 2114 2115 2069 387 706 2070 459 2116 370 2117 262 1548 669 317 1630 107 
00013 388 2118 809 2025 2020 88 645 2119 1447 82 2056 154 74 2 801 2120 88 2121 801 2122 108 88 1696 185 224 2123 2112 985 2124 2125 71 96 801 2126 2112 2127 2128 108 71 96 801 1696 
00013 22 96 88 195 2129 2056 185 913 88 114 2040 34 183 2069 387 706 2070 
00013 797 2120 185 2130 66 2131 22 2132 66 2133 2134 2135 456 682 18 1693 758 2136 1342 2116 1521 1548 66 2137 345 2138 71 653 507 2139 2140 2141 
00013 66 2137 2142 2143 2144 2145 71 258 370 2117 2146 2147 829 1133 559 2148 977 432 829 71 345 1803 299 2149 407 188 66 2137 2150 2151 1683 71 183 2152 
00013 117 114 2153 797 2154 2155 2156 2157 2158 370 345 2159 2112 2160 2161 452 2161 2162 2163 758 178 2164 797 2154 2165 828 345 990 2166 2167 71 723 1085 1052 798 619 598 661 662 451 34 2168 2156 2169 
00014 42 1016 96 2170 2147 2171 2172 2173 2174 1463 2175 188 2176 370 281 1726 731 
00014 42 329 183 2177 34 706 761 2178 34 2179 
00014 42 706 1606 801 2180 30 2181 
00014 42 96 2182 2071 239 2183 305 281 761 
00014 2184 242 370 281 2185 2186 
00014 99 2187 44 101 2188 1997 2189 2190 
00014 99 2191 101 1473 1316 2192 2193 2194 2195 2196 2197 345 1803 2198 2199 2200 171 400 2201 2202 15 101 239 2203 2204 368 238 
00014 761 2205 2206 2207 2083 744 241 44 2208 281 2209 368 239 2210 2211 2212 1809 239 2213 101 1473 1316 2192 2193 657 108 1465 
00014 2214 2215 1473 221 34 2193 305 1316 2216 2217 2218 2211 2212 44 1465 183 281 2219 2220 15 2221 8 34 1844 2222 2223 2224 2225 241 
00014 99 2226 2227 1815 14 2192 305 2228 2229 2220 1815 34 19 2230 305 2228 2231 171 117 108 756 2232 2198 1803 689 171 400 238 729 
00014 99 2187 44 101 2233 2105 14 2080 235 2234 2235 2236 34 935 101 458 2237 2105 419 731 2238 1525 892 2225 
00014 2239 2236 2240 
00014 99 2241 30 2242 1316 239 238 101 2243 44 2244 1316 2245 2246 1316 1722 2247 1316 2248 281 14 2192 243 239 
00014 2249 2250 594 
00014 1278 1316 2251 108 221 2251 2252 1473 2253 2254 1597 1316 2255 1550 2251 2256 2251 2257 1597 
00014 2258 2259 42 2260 1121 2170 2261 2262 2263 1464 597 1521 2264 2265 687 2266 239 2267 467 1723 2268 281 
00014 2269 2270 152 2015 2015 1464 34 1700 2015 370 2117 34 2056 2015 2271 188 2272 457 34 19 298 503 2273 101 34 101 503 713 14 1296 2274 713 829 
00014 2275 2276 368 2277 400 2278 2170 264 2279 82 298 2280 264 2280 82 170 2281 2282 88 2283 2284 241 2285 1942 2170 239 2286 407 264 30 2287 
00015 1588 2288 239 740 503 2194 689 2288 
00015 2288 97 29 2288 2289 2290 2291 752 2288 2288 239 278 819 2292 2293 18 400 241 1844 2294 188 875 2295 2296 2297 330 2298 2299 18 400 2300 2301 71 188 1573 2302 71 1726 689 2290 2303 2288 241 
00015 1588 101 457 2304 459 2305 1873 2306 1704 4 53 2288 2288 2307 2230 459 2304 2096 827 101 2308 2303 2288 241 
00015 99 547 2309 239 2310 2288 2311 99 2312 2242 839 2313 419 2314 1592 2315 2316 694 14 2317 554 693 239 1873 949 241 892 238 1982 2318 761 1809 239 2319 758 241 
00015 2320 2321 1982 1982 71 755 2199 761 2322 345 1803 1170 44 2323 2324 755 1803 2325 2326 221 755 1803 2327 336 2328 761 739 2329 949 241 
00015 254 2330 2331 128 2 131 88 764 
00015 99 2332 2333 2288 1505 2334 2335 2336 241 299 34 2337 490 511 35 2338 86 2339 2186 128 2340 2341 2342 2343 2344 2345 2346 2 281 2347 2345 2348 810 299 2349 2350 2351 24 574 490 241 
00015 2260 2352 2353 2354 2355 286 2356 798 2357 1521 1316 829 107 
00015 254 1926 2331 88 764 2358 2359 2360 299 330 2361 270 
00015 308 2362 275 2363 216 2145 2364 227 368 2365 188 14 693 227 368 958 2366 15 188 227 368 2367 432 188 2015 325 330 2298 2368 2369 561 2370 307 1727 4 2290 316 2371 2372 2373 2288 
00015 141 438 117 1874 2371 2374 2331 462 34 114 115 88 579 204 576 400 88 91 2375 2376 2377 669 2378 2379 88 2380 1052 2288 107 
00015 2381 197 2382 2383 503 2015 2384 596 239 203 2288 2385 503 2015 206 2386 239 203 2290 
00015 2387 503 2194 1478 358 2290 241 432 188 2015 2384 2388 24 358 2288 117 305 387 2389 2 2390 241 1076 2391 2392 239 34 2288 196 2393 864 34 2290 
00015 22 96 330 2394 407 188 2172 2395 706 188 2096 345 188 117 2396 281 418 1521 2397 2398 1114 2399 2400 629 2401 368 2402 2403 407 188 14 2404 161 2405 345 2406 2407 28 758 262 2397 2408 2409 2410 1114 1325 2411 368 432 242 370 241 2082 188 281 
00016 684 96 101 458 14 459 239 2412 2413 2414 2415 
00016 684 96 101 621 15 459 239 2412 1113 2416 2415 
00016 684 96 101 687 14 688 2417 2415 2418 251 684 96 243 2419 170 2420 2415 
00016 1250 1527 2415 657 317 2421 
00016 2422 242 243 621 71 2415 
00016 553 2423 19 1302 2424 459 2425 108 2426 594 2427 2428 2382 951 2429 2430 2431 241 2432 1791 490 1896 707 2433 828 71 459 1101 741 1493 547 2434 2435 2436 239 2102 547 1823 480 2437 34 2438 
00016 82 2439 2424 262 2440 669 951 2441 34 114 115 88 579 113 2442 2443 1109 2444 34 117 2445 88 267 2282 196 115 34 2382 2446 262 2440 2441 2447 2448 115 34 2449 299 2450 560 1637 88 955 2424 
00016 1581 239 814 1109 241 2451 239 814 2452 241 2453 358 2454 
00016 2455 2456 2457 2458 408 2441 1776 408 2415 241 1581 239 2459 2460 2457 2458 408 2454 2461 2462 1776 408 1581 241 
00016 2431 2463 88 1338 299 2464 813 2465 299 2466 2440 2467 88 194 
00016 940 2439 2424 262 2440 669 2441 34 2431 88 267 2282 2468 451 196 167 167 129 126 149 241 2 2469 2470 239 
00016 566 2471 307 2448 2472 2439 1292 2473 299 2474 2475 2476 2326 2477 258 2478 906 88 955 2424 227 2479 1637 82 101 504 796 597 154 
00016 95 2003 2480 2481 503 782 179 2482 2483 2484 2485 1464 2486 2487 154 148 2488 828 374 2489 2490 299 2491 2492 2493 2494 2495 929 973 782 107 464 
00016 2496 96 2286 262 2440 2483 2484 2497 692 305 2431 529 2498 170 2 2499 2467 497 2467 2500 1037 120 2501 167 2352 2502 2503 2272 299 2 2504 2505 299 2 2506 2507 2508 276 2509 692 2431 2467 2510 90 2511 107 325 2512 2502 592 503 107 464 128 170 1037 1390 2513 239 
00016 2514 2431 196 177 2515 1491 305 2514 529 2516 192 418 241 2 203 2517 2518 2519 2214 653 2431 82 940 2440 2424 154 464 192 34 117 299 2 88 2502 2520 14 2514 82 2352 2521 2522 262 1316 1488 154 464 669 241 2 2523 2524 14 2525 239 141 1037 262 2440 2439 2456 107 115 
00016 2526 82 2352 2527 2522 299 2528 2527 14 2529 2530 2531 2532 2533 2534 154 464 14 2431 2312 1037 2532 2533 2534 464 2535 2536 
00017 2537 553 2538 2539 2540 2541 241 2542 1803 2096 345 1803 498 2543 706 1299 345 1299 2544 345 2545 330 299 2 2546 299 2 2547 2548 2549 2550 2551 1304 264 594 2552 345 251 2553 71 2554 292 2 2555 239 2556 292 547 2557 2558 418 457 239 2559 2560 
00017 2561 2425 2562 2563 2564 2565 761 419 2566 2567 1800 2568 2569 761 311 299 2570 14 2571 2572 2242 2573 2572 30 2569 299 2574 2575 2576 311 2577 251 281 
00017 2537 96 2578 1592 2579 2580 281 2578 1590 2581 2580 281 2582 148 657 1791 246 829 653 148 2583 2584 370 281 2585 829 
00017 2586 281 34 96 2587 99 2543 2588 2589 1179 2590 2591 596 2592 18 2593 2592 18 2594 1878 330 2595 2596 117 799 2264 594 2264 2597 2598 2592 18 2599 71 2600 2601 2602 2603 1724 2592 18 2604 71 1085 1052 2605 2606 281 2592 18 2607 2608 701 281 
00017 82 2609 2610 507 15 2611 114 115 88 2612 96 374 117 133 82 2537 154 2613 758 2614 2537 96 2615 2538 2539 2541 2616 9 1253 2617 1637 2618 2619 2537 
00017 2620 99 2621 2622 649 2438 299 2623 2612 2624 2625 2626 507 2627 270 
00017 2537 553 2538 2539 2540 2541 241 2542 1803 2096 345 1803 498 2628 706 1299 345 1299 2544 345 2545 330 299 2 2546 299 2 2629 2630 2548 
00017 2549 2550 2551 1304 264 594 2552 345 251 2553 71 2554 292 2 2555 239 14 2556 292 547 747 
00017 2631 2537 2091 2632 2612 1901 96 2633 1129 183 2634 2635 2128 108 2636 2637 1236 35 135 1399 2638 133 
00017 2639 2640 2641 88 346 2642 575 2643 2644 88 2645 2646 34 958 152 2647 87 2648 2612 2649 241 2 2650 1169 2059 2651 2612 2649 2128 108 645 523 2537 96 2633 18 2365 1129 2586 2633 18 958 2652 1108 
00017 2653 34 357 2654 2655 2358 2621 2622 649 2656 299 317 188 370 2657 299 2658 2659 2660 2612 2624 299 2382 2661 2662 2663 2372 777 2664 1683 2665 1620 
00017 2639 82 1532 2666 2667 2668 2669 154 185 2214 653 2670 596 107 34 114 115 88 1851 579 305 2671 281 2645 2646 2672 1181 2673 2674 2646 2675 
00017 2119 368 2676 407 1493 87 2677 389 388 2678 2679 1359 905 87 575 2680 88 2681 2682 2683 1246 984 152 34 114 2153 117 2684 2685 2686 2687 156 152 2688 2689 2690 944 2691 2692 1842 2693 598 599 988 892 1052 1575 207 2694 107 464 2214 170 2 2695 2048 497 
00018 2696 547 1114 2697 2698 2699 547 1114 2399 2700 2701 183 1114 14 727 1497 1509 281 1114 2399 2702 281 1114 1497 2703 281 2704 281 2705 281 2706 2707 281 1114 2697 2708 241 2197 1974 2709 281 
00018 2710 88 1408 170 2686 2711 2467 115 34 2712 819 2467 141 368 2467 2713 2 120 88 2714 1338 2715 2716 2717 2718 2714 2719 2720 2721 30 2722 2723 2724 349 2725 2726 2727 299 827 175 514 515 512 2728 2729 
00018 592 2719 2720 2722 2730 2723 44 1338 2731 1545 44 349 2148 30 508 299 508 2076 1688 2732 2733 44 74 2734 2735 2736 2712 2737 2714 592 2467 
00018 2738 2739 367 2 263 284 786 2740 1342 654 2741 2742 2743 2744 2745 2739 299 2714 2739 2719 2746 30 611 2723 2747 457 502 503 2748 349 170 1493 2749 2742 2750 418 577 34 2751 2752 2753 2752 
00018 101 2739 141 2719 612 2754 2723 457 2755 349 2756 196 2749 2757 657 88 1608 196 2758 2737 258 2759 654 299 499 457 813 460 461 2760 14 1037 120 88 592 2761 88 2762 2763 664 2752 154 
00018 2764 2739 2765 317 30 2731 368 8 2766 349 2725 2767 2736 2768 231 2679 2769 
00018 2733 2770 2771 2772 2467 88 2773 434 2774 2775 2776 2777 2778 401 346 2779 2780 2723 2781 2723 2782 1353 2783 2723 2742 86 653 2762 2782 1353 2784 467 664 2752 154 2778 2785 368 2741 2786 2750 2787 1170 2788 2753 2752 
00018 113 82 2711 2714 101 457 2764 2789 2790 34 2282 
00018 2119 114 115 34 2711 1391 2467 1338 2745 101 259 2791 2757 2467 44 196 87 2789 2790 
00018 2792 1342 2793 34 262 2794 2795 2796 2797 1338 2745 512 858 2798 2717 2799 2718 2800 516 1338 813 460 461 2801 1338 2715 2802 2803 
00018 2804 2769 1431 514 2805 2718 2769 349 2725 2726 1340 2745 878 2806 71 349 907 761 175 2807 494 592 367 2808 2809 2 88 2810 2811 731 2 88 2812 2813 2814 669 2440 299 2522 2 88 2330 457 2815 503 367 565 2816 2817 2818 2819 1566 14 513 2820 180 2821 2822 170 2823 505 179 706 2824 2719 2722 2730 2723 2788 1166 2825 2723 2467 2826 2827 1331 186 2828 
00018 592 2829 2800 2830 2831 2832 2833 1338 2731 2834 2835 2722 612 2723 349 2836 2837 2838 367 2839 2840 387 2841 2140 498 2842 1840 
00018 2710 88 2711 2714 101 2764 196 2843 2844 15 1391 101 2845 984 2846 480 2789 134 2847 1408 88 2785 2848 2849 170 118 368 675 2850 2851 858 592 2714 1491 305 2440 107 675 2852 2853 2352 592 2714 1491 
00019 2854 2855 281 692 2856 779 1448 2857 2858 621 1299 2859 2428 2860 447 2861 81 707 281 387 2021 1617 2309 2862 2863 2864 2865 66 2866 2867 71 761 
00019 2868 2869 183 2870 279 2871 221 34 279 
00019 2868 514 2872 2873 2874 215 2382 2875 183 2876 1119 828 241 
00019 2868 2877 1114 1037 819 2878 1119 149 264 693 514 2065 2879 2880 201 189 2881 246 2882 2883 
00019 2884 96 547 1554 1521 724 1426 2885 1406 2886 426 2887 2888 345 2545 
00019 2868 183 2889 1043 34 2890 2891 2892 
00019 2893 22 183 1114 149 2894 19 1864 2895 2896 828 2897 2399 34 2898 2899 62 
00019 2868 2869 183 789 2152 239 2900 2901 241 
00019 2902 2903 547 2904 2905 2906 2907 2908 2909 2906 2910 239 9 34 2911 281 241 547 2912 2399 96 2913 2914 71 2915 1521 2916 221 2884 96 241 
00019 2917 2918 14 2919 88 2920 278 1683 789 2921 1569 1299 299 2922 235 946 2923 2924 1666 2925 2926 1748 270 
00019 2927 118 2928 2929 1851 2930 579 170 278 262 2794 2931 118 2466 2932 1666 512 374 2933 2934 2935 299 2464 2936 14 2718 
00019 2937 2938 292 447 2861 86 450 
00019 2927 2939 2938 779 292 447 2861 2940 241 
00019 935 1253 2136 15 2941 262 685 1498 2942 2943 983 2944 1253 299 1033 685 2945 26 2920 82 
00019 2946 2026 2947 2260 940 460 685 292 293 2948 2949 2950 15 2951 2952 2953 1747 299 2 953 1253 2954 1253 2464 2955 512 2956 779 513 2957 460 2958 693 2959 2 2960 2961 2962 299 1114 991 
00019 2963 94 2964 388 2489 2965 2966 2967 480 2968 107 2969 2970 87 88 82 560 843 2971 1683 561 2972 2973 2524 34 114 2153 82 1003 2027 34 114 566 88 2969 2469 789 2974 88 93 
00019 2963 82 560 843 2037 1683 561 2972 270 88 789 1075 88 267 34 117 2282 368 2963 2975 2282 88 2976 432 388 2964 195 88 645 14 2 35 215 148 2977 2978 
00019 2979 2980 114 115 34 514 2981 2982 2983 2984 2985 782 2986 1073 2980 114 115 34 514 2987 2988 2989 2990 2986 
00019 2991 2980 114 115 34 660 2992 178 108 2901 2993 662 
00019 2977 2980 114 115 34 2716 2994 1488 2995 2996 2 2997 183 995 
00019 267 2282 2998 2982 2983 505 973 2999 3000 782 2901 299 2992 178 108 299 1342 3001 3002 2150 107 464 419 206 212 3003 828 2524 231 196 2679 3004 
00020 617 10 631 3005 570 3006 241 1003 1767 84 3007 9 3008 1809 239 625 432 829 3009 631 3010 3011 3012 34 3013 3014 3015 3016 3017 3018 210 305 3019 
00020 3020 183 207 14 1043 1520 3021 3022 946 3023 14 1043 2257 473 227 3024 14 1043 2257 3025 227 3026 14 1043 3022 39 227 990 207 14 1043 3022 454 8 631 281 374 241 2937 71 3027 3028 798 3029 
00020 3030 3031 1520 3032 3022 946 3033 2257 473 227 3034 2257 3025 227 3035 3022 39 227 990 3036 3022 454 3037 281 374 241 2937 71 3038 1333 3039 3040 3041 798 3042 3043 
00020 3044 183 1114 14 1043 1520 3045 14 1043 3022 946 1114 3046 2257 473 227 1114 3047 2257 3025 227 1114 149 14 1043 3022 39 227 1114 990 14 1043 3022 454 3048 281 374 241 2937 71 3049 3050 798 15 1934 3051 3052 3053 3054 370 883 
00020 3055 183 990 14 1043 1520 3056 3022 946 3057 2257 473 227 3058 2257 3025 227 3059 3022 39 227 3060 3022 454 3061 281 374 241 2937 71 3062 3050 3063 3064 798 15 1934 3065 3066 3067 
00020 3068 687 14 990 1520 3069 14 990 3022 946 3070 14 990 2257 473 227 3071 14 990 2257 3025 227 3072 14 990 3022 39 227 3073 14 990 3022 454 8 981 281 374 241 2937 71 3074 3075 3076 14 1253 798 2401 
00020 3077 2 1287 1353 3078 1353 3079 298 3080 298 3081 298 3082 3083 3084 3085 931 3086 3087 34 3078 3088 1975 3089 3090 34 3079 298 3091 262 234 236 2136 3092 3093 298 3094 3095 370 3096 3097 2878 1179 1299 3098 3099 34 3100 
00020 3101 71 1831 3102 2878 3103 15 706 298 3104 631 3105 2272 706 2071 3104 984 71 3106 780 3104 1246 71 3107 370 3108 3109 71 3110 3104 981 71 3111 
00020 1831 2 3112 298 703 3113 2397 3114 467 3115 3116 370 3117 3118 
00020 719 3119 298 3120 2878 1142 262 3121 1253 
00020 3122 3123 3124 3094 1831 3125 3126 1749 71 3127 1722 2878 183 3128 239 19 241 183 3129 298 241 
00020 2136 1906 843 791 1354 258 3130 3131 722 3132 3133 3134 299 3135 3136 3134 1831 2 3137 1354 2 3138 44 3139 755 2839 1170 722 907 368 3140 3141 3087 
00020 3142 115 34 3143 3144 629 2401 3145 3097 1179 3146 299 617 3117 1876 926 927 796 1810 299 931 2 3147 2693 706 3148 115 34 285 505 3149 504 973 2046 262 923 2036 2037 3150 2038 299 3151 183 1114 716 
00020 1588 3152 2 3153 2 3154 2 3155 2 3156 
00020 3152 547 3157 311 1322 685 1251 3153 547 221 2022 311 3158 213 281 3159 15 1251 3160 2028 3161 1791 3154 117 
00020 183 2413 311 34 322 3155 547 3162 311 1296 3163 696 117 264 3156 547 2413 311 101 714 262 3164 3134 3003 15 761 
00020 3165 2224 2225 
00020 183 3166 1618 34 453 3167 34 35 743 69 3168 71 34 3169 3170 2136 34 3171 3172 34 3173 453 3003 34 3174 3175 3176 71 34 722 3177 3178 2136 3179 621 24 761 1251 71 828 8 34 3152 15 1251 239 264 890 2365 720 3180 3181 246 3156 
00020 1617 183 3182 3183 3137 799 3184 2 108 26 3152 703 3185 3186 432 3187 3188 3189 1299 3190 3191 3192 3193 213 117 1521 432 3194 15 3195 221 4 3152 
00020 684 96 183 3196 2082 1322 685 2322 2562 3197 3198 703 2028 8 34 3152 621 407 761 459 239 8 34 1284 828 243 707 281 
00020 3199 15 459 239 246 3153 3200 14 1488 2587 3201 719 3202 345 1803 3203 3204 1179 1751 246 3156 1253 368 1322 3205 15 
00020 1986 246 3154 2937 3099 243 71 761 3206 3207 419 1127 14 2015 264 2697 9 242 243 387 696 117 264 
00020 3156 281 34 96 2136 3134 101 621 14 1127 2587 3152 317 3208 3209 3210 3211 183 3162 3212 3213 2304 72 1293 3214 1253 299 264 693 107 
00020 3215 235 3208 3216 3217 3211 758 2614 2260 179 101 3218 3219 262 3164 3134 264 693 183 2413 107 325 388 453 722 28 3220 270 
00021 1608 714 3221 3222 723 3223 722 3224 1037 819 183 3225 1325 1461 3226 3227 3228 883 246 2 3229 
00021 1617 1324 3021 3230 215 3231 235 3232 237 1703 
00021 3233 2 3234 447 3235 3236 3237 3238 241 689 3239 3240 3241 314 281 3242 3243 1724 3244 3245 281 
00021 3246 3247 3248 3249 3250 3251 3252 18 1108 480 560 810 88 1355 451 203 3229 3229 579 636 400 1770 88 1774 3253 74 2449 579 88 809 2025 
00021 117 1770 2970 2 2979 3254 3255 3256 196 1666 3257 3251 14 1770 3229 2768 3258 2048 779 3259 3260 3247 3248 3249 14 1770 3229 368 357 3261 400 3229 94 3262 3263 3264 3265 3266 107 
00021 685 141 115 34 3267 2949 2950 15 2951 1747 421 3268 3269 
00021 3270 3229 3271 3272 299 3249 71 1168 3270 3270 1328 170 2950 15 2951 419 368 1641 71 1168 2464 3273 2955 3274 408 3275 419 368 3276 3277 3278 3279 1832 3280 3281 408 3282 
00021 3283 3284 3229 34 553 1168 3283 2169 1340 3285 3286 3251 3287 3288 299 3289 2 3229 3290 
00021 3291 3292 514 3288 2717 3293 3273 107 3294 2995 3288 299 598 2 2960 3295 2961 107 
00021 196 115 235 779 3296 480 105 432 88 2449 3297 3298 183 3299 3300 107 
00021 3301 1113 2082 101 14 3302 3303 459 3304 2949 3161 117 2224 
00021 3305 357 96 2614 254 118 368 3306 511 88 91 581 579 2119 88 1265 2464 3307 3308 3309 685 3310 140 3311 3312 2955 906 170 368 2730 3313 167 2725 3314 3315 3316 3317 170 177 459 101 179 107 1338 231 141 1393 3318 3319 241 1393 1157 3320 
00021 140 2686 3321 3322 3323 3324 3325 2852 3326 1641 3327 3328 923 305 508 3329 3330 3331 3332 611 2722 3333 3334 512 258 3335 3336 3337 44 2686 3338 3339 157 3340 3341 292 3342 1714 3343 3344 
00021 498 177 592 2714 1338 786 794 1358 3345 107 
00022 3346 3347 1793 1152 1983 3348 407 3349 3350 1809 239 3351 828 241 2230 2977 3352 2365 3349 14 2235 3353 1114 758 241 
00022 2869 1037 819 3349 2878 3354 3355 1779 241 
00022 3349 1874 3218 3356 798 2402 3357 3075 3027 1179 3358 114 115 88 1851 579 307 2839 504 1210 3359 316 71 2 3360 3361 2112 3357 3075 3075 3357 2112 
00022 3218 3356 798 2402 3357 3075 3027 1179 1299 154 185 299 504 1210 3359 316 71 2 3360 3361 2112 3357 3075 3075 3357 2112 183 1114 299 3362 
00022 3257 3295 3363 3364 971 3365 15 3366 3367 685 3368 292 3369 3370 523 3371 34 1101 798 2112 3357 3075 3075 3357 2112 3372 3373 3075 177 504 2973 3374 196 374 3375 3376 2755 2995 3288 2 3377 1224 3378 
00022 3379 1898 977 3295 3363 3365 3380 2003 3367 3219 974 3381 3370 523 3382 3383 2661 2612 2624 418 483 484 299 2530 299 1219 926 796 3384 986 3385 299 3386 2986 1114 
00022 629 766 3387 972 3388 977 935 971 3389 3252 2003 504 385 3038 2092 629 170 973 940 3390 2938 3391 2661 3392 162 2467 299 2530 177 3393 3394 3395 892 979 3396 3397 2401 3398 3399 3400 2 3401 3402 3403 988 299 3151 3404 
00022 3405 2977 426 3406 1683 935 971 3407 3408 3409 3038 292 3369 2112 3357 3075 3027 1179 3146 2358 344 3410 299 3411 1232 14 167 299 2530 3412 1488 669 1521 3413 3414 15 235 504 973 505 3415 986 987 183 3070 299 995 
00022 3416 1075 3417 3418 3257 3295 3419 3367 974 3420 3421 505 973 3422 1101 2502 3393 2150 3423 3424 514 3425 2065 3426 235 2995 3427 3428 3398 3429 3430 986 987 3431 299 3362 
00022 3432 3433 299 3434 523 3435 3436 3350 685 195 34 3437 2354 3267 299 974 3438 88 3439 107 685 3440 953 480 3074 3075 3441 1532 3442 3443 1749 3444 480 1888 22 1888 42 3445 1328 3446 3447 299 3448 498 201 505 
00022 2352 167 3420 2053 2499 2467 3449 3450 141 3451 30 3452 1478 3453 299 3454 44 196 2725 3455 
00022 3349 88 114 2153 34 3365 935 971 1880 3456 2112 895 1246 984 981 3457 2112 1246 984 981 631 1683 561 1075 3365 2967 1203 71 1253 3254 2946 3458 629 28 107 935 971 3365 15 3459 1253 
00023 3460 707 3461 3462 3463 703 345 1803 1037 819 8 34 3464 1295 1724 3465 2559 3466 3467 3468 3469 3470 2312 2574 3471 71 3472 281 
00023 801 3473 30 3474 88 1893 636 
00023 3475 2 3476 497 3477 3478 962 3479 1688 2739 1353 299 494 134 3480 3464 3475 2785 3464 3481 305 1969 3482 88 231 387 3483 3475 15 2478 2643 3464 
00023 3484 3485 2720 3486 962 18 3475 2730 3333 3487 258 1342 499 3394 3488 3489 794 3490 299 3491 3492 502 3493 503 107 231 783 3484 3485 3484 3485 3494 3464 3333 3487 3495 2769 
00023 3460 3496 3497 3498 3499 3500 14 707 3501 731 3502 368 1745 2300 246 464 3503 3464 3504 3505 2215 3 3506 3507 3508 241 3509 3510 3500 189 241 398 215 731 239 282 15 744 758 241 3511 282 
00023 3506 74 203 3479 3512 3479 722 3479 3513 3514 3515 653 3428 357 783 3516 374 129 692 3517 258 611 3518 14 203 3506 1443 3519 1391 88 2711 88 3520 
00023 3521 3522 774 382 3283 3523 3524 2 3525 3526 3527 3528 1770 3529 3530 2 801 3531 1170 3532 88 168 1921 368 113 432 1198 15 1688 3527 14 2 3520 88 3533 1433 1037 3527 3534 3506 
00023 3460 3535 2226 3479 183 1114 101 3536 3537 462 459 3538 3539 1809 239 3540 3541 241 3542 3543 3544 281 
00023 3460 3545 3546 1296 1179 264 801 1293 2076 3547 3548 8 29 3549 3550 3416 1779 241 3551 3552 3553 727 728 71 761 
00023 3554 756 3555 1253 419 2056 3556 
00023 3554 1787 1037 684 185 3538 3557 8 3558 3559 241 419 15 694 244 101 1324 3560 865 281 
00023 3460 1280 3561 3562 34 2337 3563 3564 215 3565 299 3566 1745 685 3567 3568 3372 368 3553 3569 3570 299 3571 2461 1253 3538 459 299 3572 3573 299 370 3574 3575 370 3576 3577 3578 108 828 1779 2097 1114 3579 3580 3581 3014 3582 3583 3584 3585 
00023 3586 330 1823 312 1179 1299 14 2192 3587 689 3588 1179 3589 241 3590 575 3591 3592 2653 387 3593 71 761 3594 3595 281 
